Device: Iphone 6S
Luminance
8   6   5   8  12  20  26  31 
6   6   7  10  13  29  30  28 
7   7   8  12  20  29  35  28 
7   9  11  15  26  44  40  31 
9  11  19  28  34  55  52  39 
12  18  28  32  41  52  57  46 
25  32  39  44  52  61  60  51 
36  46  48  49  56  50  52  50
Chrominance
9   9  12  24  50  50  50  50 
9  11  13  33  50  50  50  50 
12  13  28  50  50  50  50  50 
24  33  50  50  50  50  50  50 
50  50  50  50  50  50  50  50 
50  50  50  50  50  50  50  50 
50  50  50  50  50  50  50  50 
50  50  50  50  50  50  50  50 

-----------------------------------------

Device: Samsung Galaxy A5 (2017)
Luminance
1   1   1   1   2   3   4   5 
1   1   1   2   2   5   5   4 
1   1   1   2   3   5   6   4 
1   1   2   2   4   7   6   5 
1   2   3   4   5   9   8   6 
2   3   4   5   6   8   9   7 
4   5   6   7   8  10  10   8 
6   7   8   8   9   8   8   8 
Chrominance
1   1   2   4   8   8   8   8 
1   2   2   5   8   8   8   8 
2   2   4   8   8   8   8   8 
4   5   8   8   8   8   8   8 
8   8   8   8   8   8   8   8 
8   8   8   8   8   8   8   8 
8   8   8   8   8   8   8   8 
8   8   8   8   8   8   8   8

-----------------------------------------







